0.13458298230834032
0.13015378868065497
0.14909919237937463
0.12351782375748144
0.1600673360187579
0.17444127970879175
0.11852964187466875
0.15687386843693418
0.13735103426983641
0.16662093320130278
0.16251438710915023
0.1637275676711082
0.20016259417867044
0.13873374021330376
0.13647658017380981
0.18244168490537327
0.1585496597000542
0.1376385768252636
0.13784080670443466
0.14063038236307268
0.19146005509641872
0.13922194427671875
0.14295003926187677
0.1236057963741296
0.16620313451185886
0.1278731506336226
0.1688619192099471
0.1791078101863821
0.2213465611414558
0.199832756764187
0.2089217562655009
0.08042178984228954
0.16295595072616598
0.1868007776574815
0.11111535280269769
0.13158123749020978
0.1867913106242287
0.11653407869275423
0.12856946818198833
0.17428514013499297
0.15292733798991076
0.14357000110344154
0.1700567925290497
0.0701516180131252
0.13394993614937323
0.19484306741819102
0.17431442080378245
0.1317107732849383
0.18685757522845003
0.14255026636879187
0.12536154761159457
0.17934891152386656
0.1806099706744868
0.16892125019333504
0.15922823234876382
0.09403006368105005
0.14838339998049355
0.12911269308930418
0.10467828761855935
0.12056050057283862
0.15066144642770296
0.15659901235164142
0.11188384422717501
0.12281340650232941
0.20989707046714168
0.2253016591251885
0.16807993711740465
0.09761138885659293
0.23463864662313183
0.19968607502119562
0.157412880112903
0.20088545182066742
0.11977368381259612
0.1863555886875088
0.14055636896046853
0.1251862891207154
0.17380659507025598
0.12956847889745926
0.08366674974747801
0.18116706522248793
0.1716413485597733
0.0855381151243012
0.203954415954416
0.1585496597000542
0.10428794911907269
0.1854067543614143
0.20198096717809289
0.11126237308837372
0.13616689750692523
0.15407624491377636
0.12251589076200287
0.15356372537139806
0.10263097042727576
0.1830440681137725
0.16294592036045108
0.1368287077082767
0.15103305785123966
0.15978445216931092
0.15795120304739863
0.16053166047758105
0.07670244263508508
0.14147534536158501
0.15655827768990205
0.15784968533744848
0.1983267151743292
0.13921133703019095
0.10423051769020664
0.16739573524679074
0.11879651822883819
0.15481318362210816
0.10898376213375516
0.11010752140236446
0.1670780420914565
0.13427193971767448
0.17805495087368362
0.15965304845772577
0.1890665087823169
0.1345293702221506
0.13933860673714304
0.09360686156201747
0.20423554072065708
0.19882323255493872
0.1537995614725799
0.1291452650476238
0.1539123062015504
0.11681333131037275
0.10543503316855773
0.12769889733887785
0.14117979738369235
0.11126237308837372
0.14818608621425522
0.1555488394584139
0.18393167984859282
0.1199289421962405
0.1578395322201459
0.16462765639388177
0.13869126151342148
0.15977434565050042
0.15188859075070116
0.10727567830076556
0.1308680991900063
0.1134731070893723
0.16437782615977226
0.12263712523707249
0.16532638698036783
0.14379044910766814
0.2009494394875314
0.15099178375224853
0.1536047497879559
0.15417867435158505
0.11043616682585167
0.13645522987724223
0.1331869059141786
0.09453503746143677
0.1620019914344326
0.14249763690600414
0.19000684145224322
0.1288954844180623
0.21190274722175217
0.15616090843198838
0.07761682798325653
0.1689805727066157
0.14182340872513732
0.11319173786641956
0.16329684018877422
0.09913592984266184
0.13939162467505262
0.12220714267762445
0.18964037122969835
0.13467946732734593
0.13724448835916758
0.17423633440514474
0.19409063639300383
0.12356181227337171
0.13775566884327206
0.12100315846430687
0.16356734879599588
0.1468648477002369
0.16177070583435338
0.13557895778935514
0.1421501203517218
0.11612046058458814
0.13846817957572766
0.17524056910089147
0.17301431328211014
0.21642904416301167
0.10899512742672002
0.20087630988880245
0.13753210193599363
0.22657971367516638
0.18273820666417073
0.20597228695167835
0.10529753823295851
0.11241423125794159
0.14392686005612954
0.19163783227060738
0.12583220703809384
0.17108104900913734
0.169780598540493
0.20528573216378265
0.1564666103127642
0.16085436613288806
0.15678226964908681
0.16293588975434392
0.1379684819764787
0.14666682954836974
0.1655856178701547
0.15612013143906445
0.10136108681109457
0.15523225580185995
0.14338095530075423
0.1809270311785467
0.10661346225172341
0.1763297840980108
0.22958232692541003
0.1798884649251541
0.16790155810739982
0.13398214728489954
0.09180383285227656
0.14971029311520112
0.19227344734681606
0.14576938598314848
0.1394658388153842
0.14846645211624732
0.19154427508304106
0.12663007464272769
0.1478119776988862
0.1743534584653208
0.1434859910489853
0.15818460092312514
0.1322177499503081
0.18697114657169134
0.12090359929524286
0.11507911372360236
0.10897239655084445
0.24184900581748714
0.11824034334763944
0.15446534485680397
0.14230811733359527
0.173826138379657
0.12153376007646166
0.15495632817981664
0.1485702445089101
0.11516878839698519
0.11437228998148952
0.12595252693352021
0.10580147981259125
0.15535483246877302
0.15562029325371407
0.14897479319209073
0.12037223593411572
0.19754391204953536
0.1509092235133952
0.1726812975969112
0.16721706267361314
0.15124968104883296
0.1647674960840816
0.13357396244201336
0.14368548802314463
0.1581643105920918
0.1696917828572787
0.15904603679090823
0.12176569689959515
0.2138982669367544
0.16264489756775868
0.1321854074267328
0.07116548101854925
0.1030688238315357
0.13303629052276222
0.1315488475023
0.13966721269074922
0.11988458824715253
0.15185769791160753
0.14312876436746358
0.15654809340964526
0.09380675626589174
0.21211608522541425
0.12750277913091268
0.15426060004358666
0.0869604998300787
0.15607935050500166
0.17755171723593888
0.17088427299703268
0.11930757980735285
0.11762773953135852
0.14844569060099966
0.13486165812092843
0.15235171342588094
0.13777695488489783
0.11198545676438432
0.13386402807226372
0.09222871994801818
0.15516073631503835
0.16743542985184923
0.14562311182866716
0.1309654142821597
0.13128964059196613
0.18145492043403877
0.10497655228967528
0.14894368771168887
