241641.3
199951.75
179770.8
164972.55
155995.9
149519.3
144911.0
140862.35
137544.5
135867.15
134953.6
133843.8
132756.05
131734.35
131139.6
130312.65
129673.65
129112.85
128719.45
128107.9
127623.2
127077.15
126518.2
126101.35
125580.3
125134.15
124656.2
124212.3
123933.7
123330.15
122834.3
122407.9
122031.9
121716.05
121415.7
121115.7
120751.2
120479.9
119879.15
119559.45
119107.05
118710.4
118444.7
118157.6
117641.65
117415.5
117196.75
117036.2
116576.75
116182.7
115935.15
115799.5
115532.05
115236.8
114903.45
114758.5
114568.35
114215.05
114050.95
113676.55
113549.55
113415.25
113301.5
113028.55
112766.15
112564.05
112273.75
112039.6
111937.7
111843.45
111657.4
111562.75
111346.2
111220.7
111125.35
110891.5
110699.5
110642.8
110582.25
110294.9
110209.3
109945.05
109867.75
109644.3
109509.3
109301.75
109184.35
108935.1
108682.95
108608.05
108339.25
108238.0
108165.0
108149.75
108063.55
107939.4
107904.8
107795.9
107713.55
107638.05
107505.9
107295.9
107234.75
106950.1
106770.25
106708.5
106611.6
106431.3
106332.7
106233.9
106141.1
106066.45
105833.05
105639.0
105514.75
105356.3
105289.25
105212.2
105158.75
105083.2
104992.0
104779.05
104742.75
104701.05
104678.65
104583.7
104453.35
104295.85
104265.4
104116.6
104076.8
104071.7
104003.85
103946.15
103813.8
103749.2
103654.0
103654.0
103531.65
103391.55
103369.75
103318.4
103273.85
103260.45
103128.6
103101.9
103035.85
103032.15
102992.15
102963.1
102920.9
102822.15
102703.7
102671.85
102551.5
102429.45
102413.2
102341.65
102311.25
102261.15
102103.9
102063.15
102056.25
101968.7
101862.05
101757.15
101752.7
101712.95
101702.25
101648.4
101610.4
101588.3
101582.55
101541.95
101449.1
101415.2
101385.9
101382.3
101309.7
101228.55
101200.4
101156.5
101123.5
101068.0
101037.15
100998.3
100865.8
100795.75
100762.8
100648.7
100618.45
100584.05
100474.25
100371.2
100320.5
100279.0
100072.45
99980.7
99930.15
99906.6
99872.9
99834.6
99806.25
99806.25
99695.85
99619.9
99576.25
99567.75
99498.8
99454.75
99398.95
99320.45
99231.75
99160.0
99146.55
99130.05
99047.0
99042.45
99017.65
98942.1
98903.25
98892.2
98823.1
98697.55
98679.2
98594.65
98528.55
98510.35
98479.1
98454.0
98434.1
98408.45
98353.9
98329.75
98218.1
98206.55
98188.5
98182.25
98116.15
98111.75
98081.55
98004.6
97983.1
97976.45
97965.25
97926.65
97890.05
97805.75
97800.25
97791.1
97774.55
97715.45
97646.6
97568.25
97548.4
97548.4
97490.7
97376.85
97341.55
97296.95
97264.95
97156.7
97101.6
97093.65
96984.85
96937.55
96849.2
96842.7
96799.6
96747.1
96743.45
96723.7
96692.9
96686.3
96670.4
96623.35
96619.0
96584.0
96562.6
96547.75
96477.2
96427.8
96365.15
96347.45
96310.4
96250.65
96206.55
96163.15
96141.0
96141.0
96115.1
96110.4
96085.2
96040.4
96019.1
95990.8
95939.35
95887.85
95857.3
95754.3
95754.2
95722.4
95664.15
95663.55
95497.5
95492.25
95478.0
95426.9
95425.4
95397.1
95387.75
95326.95
95280.15
95280.15
95226.4
95154.5
95135.2
94993.9
94922.1
94922.1
94922.1
94904.9
94855.25
94816.45
94811.55
94807.5
94755.15
94751.85
94735.45
94698.9
94672.05
94650.85
94650.85
94648.8
94641.05
94606.25
94595.0
94595.0
94546.7
94452.15
94411.2
94411.2
94313.3
94309.85
94309.85
94184.6
94107.7
94085.3
94066.55
94040.6
94022.75
94013.75
93994.45
93972.45
93911.3
93856.85
93835.35
93757.35
93668.35
93657.95
93635.95
93627.05
93569.3
93557.4
93553.7
93553.7
93537.0
93499.4
93482.45
93459.4
93449.2
93366.95
93345.0
93316.35
93302.05
93280.8
93242.95
93229.6
93167.5
93158.6
93112.1
93098.45
93076.45
93058.85
93022.85
92902.6
92854.2
92849.25
92845.85
92841.2
92839.8
92838.05
92832.35
92811.15
92810.9
92810.9
92758.8
92721.15
92704.2
92640.75
92633.4
92580.45
92541.15
92528.7
92507.55
92507.55
92504.1
92494.75
92458.45
92458.45
92458.45
92416.6
92415.75
92387.35
92363.55
92329.15
92229.45
92229.0
92212.55
92178.1
92178.1
92164.05
92133.75
92065.35
92065.35
92050.95
91980.6
91969.45
91969.45
91963.05
91955.9
91917.55
91903.05
91859.25
91859.25
91859.25
91836.35
91795.15
91784.8
91764.35
91734.4
91734.4
91734.4
91725.1
91715.85
91654.3
91615.05
91568.25
91553.25
91546.6
91526.85
91507.5
91507.5
91495.55
91493.5
91415.15
91349.2
91322.75
91307.0
91277.6
91266.75
91263.75
91250.8
91179.25
91105.45
91065.1
91054.3
91033.55
91010.9
91010.9
90996.25
90976.75
90974.0
90968.15
90968.15
90960.1
90900.0
90899.0
90897.35
90874.65
90867.3
90816.75
90722.65
90690.7
90682.15
90681.55
90655.25
90653.85
90646.0
90629.95
90614.5
90568.35
90568.35
90553.15
90492.55
90434.8
90407.4
90395.55
90380.35
90377.9
90377.9
90348.4
90346.9
90336.5
90326.85
90323.55
90308.2
90308.2
90302.85
90257.35
90253.95
90226.65
90212.95
90212.95
90129.75
90116.45
90116.45
90116.45
90116.45
90086.0
90073.2
90063.9
90048.6
90046.2
90026.4
90026.4
89996.7
89955.75
89942.85
89922.8
89909.15
89907.25
89907.25
89904.15
89876.5
89869.1
89869.1
89860.05
89834.95
89824.05
89810.65
89803.85
89802.7
89788.45
89786.35
89782.95
89780.45
89763.55
89754.55
89752.8
89752.8
89752.8
89722.5
89714.35
89713.3
89713.3
89708.0
89708.0
89708.0
89707.5
89697.9
89695.7
89671.75
89645.75
89645.75
89636.75
89632.75
89632.75
89632.75
89622.6
89604.3
89603.55
89580.25
89574.0
89562.3
89549.55
89549.55
89527.45
89508.2
89507.6
89507.6
89506.55
89506.55
89505.0
89502.8
89501.2
89501.2
89501.2
89491.45
89491.45
89483.05
89433.75
89433.75
89425.55
89403.25
89403.25
89400.75
89348.6
89346.3
89346.3
89346.3
89328.55
89328.55
89328.55
89328.55
89328.55
89328.55
89311.45
89302.1
89302.1
89301.25
89289.55
89283.3
89254.25
89243.0
89237.9
89224.75
89167.8
89159.8
89144.15
89144.15
89140.0
89128.3
89126.75
89126.75
89090.2
89090.2
89001.45
89001.45
88972.9
88933.75
88933.75
88915.7
88904.5
88902.4
88893.75
88893.75
88893.75
88893.75
88861.05
88861.05
88843.5
88841.4
88810.8
88810.8
88810.8
88800.65
88784.75
88784.75
88777.45
88743.7
88740.95
88739.15
88734.4
88729.8
88711.3
88706.85
88636.8
88605.25
88605.25
88604.55
88604.55
88603.3
88535.55
88535.55
88490.55
88395.95
88392.55
88392.55
88391.5
88391.5
88389.7
88357.25
88357.25
88357.25
88356.6
88344.9
88344.9
88340.7
88340.7
88254.2
88246.7
88246.7
88233.9
88233.9
88232.55
88189.2
88177.75
88117.95
88107.45
88090.8
88088.0
88085.8
88082.45
88082.45
88082.45
88069.85
88068.55
88046.65
88046.65
88046.65
88039.55
87990.9
87989.1
87989.1
87989.1
87989.1
87972.2
87972.05
87945.35
87942.85
87942.85
87928.45
87926.95
87926.95
87926.95
87886.75
87847.45
87827.1
87827.1
87814.45
87814.45
87805.95
87792.2
87792.2
87774.5
87746.8
87746.4
87746.4
87714.25
87694.5
87694.5
87694.5
87694.5
87694.5
87687.2
87687.2
87663.85
87663.85
87663.85
87650.55
87632.35
87632.35
87632.35
87593.4
87558.2
87558.2
87549.2
87549.2
87549.2
87537.0
87537.0
87537.0
87523.4
87495.35
87495.35
87480.85
87480.85
87480.85
87476.4
87476.4
87462.6
87435.45
87433.85
87432.3
87399.9
87399.9
87388.25
87388.25
87384.85
87380.4
87368.8
87368.8
87368.8
87365.25
87357.95
87348.65
87335.7
87315.55
87297.6
87297.6
87291.25
87291.25
87273.95
87273.95
87268.05
87267.6
87267.6
87263.2
87253.1
87253.1
87253.1
87253.1
87253.1
87253.1
87253.1
87253.1
87218.4
87218.4
87196.95
87192.95
87192.95
87156.65
87120.5
87103.15
87103.15
87092.7
87091.3
87091.3
87091.3
87091.3
87091.3
87091.3
87091.3
87091.3
87091.3
87083.1
87083.1
87070.95
87070.95
87070.95
87070.95
87061.75
87061.35
87061.35
87056.9
87056.9
87056.9
87056.9
87056.9
87056.9
87047.95
87047.95
87047.95
87047.95
87034.8
87025.55
87021.05
87021.05
87021.05
87006.25
87006.25
87005.0
87005.0
87005.0
87005.0
87005.0
86973.05
86973.05
86973.05
86973.05
86971.65
86971.65
86971.65
86971.15
86945.1
86941.65
86941.65
86930.3
86930.3
86914.5
86904.9
86903.25
86903.25
86903.25
86884.4
86883.5
86873.55
86870.25
86862.25
86862.25
86850.3
86850.3
86815.15
86795.2
86794.65
86757.55
86757.35
86757.35
86757.35
86757.35
86756.5
86756.5
86756.15
86729.35
86723.35
86721.8
86721.8
86721.8
86717.15
86711.3
86711.3
86711.3
86708.55
86708.55
86708.55
86708.55
86685.85
86669.15
86665.7
86665.7
86665.7
86645.55
86645.55
86645.55
86627.05
86627.05
86616.2
86616.2
86605.55
86599.5
86599.5
86599.5
86599.5
86599.5
86599.5
86595.3
86590.1
86590.1
86574.85
86574.85
86570.55
86570.55
86569.6
86567.65
86567.65
86567.1
86531.3
86530.75
86522.05
86522.05
86520.55
86504.4
86483.8
86473.85
86473.85
86473.85
86473.55
86473.55
86473.55
86473.55
86473.55
86473.55
86473.55
86473.55
86473.55
86469.55
86453.3
86453.3
86453.3
86423.8
86423.8
86423.8
86423.8
86423.25
86332.3
86325.25
86304.4
86304.4
86304.4
86304.4
86304.4
86304.4
86296.85
86296.85
86296.85
86296.85
86290.9
86290.9
86284.9
86259.95
86259.95
86259.95
86232.85
86232.85
86232.85
86232.85
86231.8
86226.1
86226.1
86207.95
86207.95
86200.2
86200.2
86200.2
86200.2
86195.2
86190.05
86146.9
86128.4
86128.4
86122.35
86122.35
86122.35
86122.35
86122.35
86122.35
86100.35
86100.35
86100.35
86100.35
86087.6
86080.45
86080.45
86080.45
86080.25
86080.25
86079.75
86079.75
86079.75
86079.75
86075.4
86075.4
86075.4
86075.4
86075.4
86058.45
86058.45
86058.45
86058.45
86026.3
86026.3
86026.3
86012.15
86012.15
86012.15
86012.15
85945.05
85931.65
85917.55
85917.55
85917.55
85917.55
85917.35
85911.8
85856.55
85856.55
85856.55
85854.65
85837.3
85829.25
85829.25
85828.1
85828.1
85815.25
85815.25
85815.25
85815.25
85805.05
85805.05
85802.7
85802.7
85802.7
85802.7
85797.95
85797.95
85782.15
85782.15
85771.2
85771.2
85771.2
85771.2
85771.2
85771.2
85756.55
85754.1
85735.95
85735.95
85735.95
85721.7
85721.7
85721.7
85721.7
85721.7
85706.85
85688.4
85688.4
85688.4
85688.4
85688.25
85679.4
85679.4
85674.15
85673.05
85673.05
85673.05
85673.05
85673.05
85668.15
85656.65
85651.3
85629.65
85629.65
85620.85
85620.85
85619.3
85619.3
85619.3
85619.3
85583.1
85583.1
85583.1
85583.1
85583.1
85583.1
85578.75
85578.75
85578.75
85578.75
85578.75
85578.75
85578.75
85578.75
85568.7
85568.7
85568.7
85568.7
85568.55
85568.55
85568.55
85568.55
85555.4
85555.4
85545.25
85520.3
85520.3
85520.3
85520.3
85520.3
85520.3
85517.0
85517.0
85511.85
85511.85
85511.85
85511.85
85511.85
85440.9
85440.9
85440.9
85440.9
85440.9
85436.55
85436.55
85423.9
85423.9
85423.7
85423.7
85423.7
85423.7
85422.05
85422.05
85422.05
85422.05
85422.05
85422.05
85422.05
85422.05
85422.05
85422.05
85422.05
85422.05
85413.4
85413.4
85413.4
85413.4
85413.4
85413.4
85413.4
85413.4
85413.4
85413.4
85400.15
85400.15
85400.15
85397.0
85397.0
85372.15
85372.15
85372.15
85368.4
85368.4
85368.4
85361.75
85361.75
85361.35
85361.35
85361.35
85359.65
85359.65
85347.05
85347.05
85347.05
85347.05
85346.9
85346.9
85346.9
85346.9
85346.9
85326.6
85315.1
85306.75
85306.75
85293.05
85293.05
85293.05
85293.05
85293.05
85270.85
85248.25
85238.9
85238.9
85238.9
85231.95
85231.95
85231.95
85231.6
85231.6
85231.6
85231.6
85231.6
85231.6
85231.6
85231.6
85231.6
85231.6
85209.0
85209.0
85209.0
85209.0
85200.6
85186.95
85183.45
85183.45
85168.4
85168.4
85168.4
85168.4
85163.95
85154.0
85154.0
85154.0
85148.9
85147.15
85147.15
85147.15
85147.15
85147.15
85108.25
85108.25
85108.25
85108.25
85108.25
85108.25
85105.95
85092.9
85092.9
85092.9
85090.65
85079.6
85076.0
85070.2
85070.2
85064.15
84993.5
84993.5
84992.1
84989.55
84989.55
84988.55
84988.55
84988.55
84988.55
84988.55
84988.55
84988.0
84983.35
84983.35
84980.4
84965.45
84965.45
84965.45
84962.7
84962.7
84962.7
84951.3
84945.6
84937.95
84937.7
84937.7
84916.2
84916.2
84898.05
84898.05
84898.05
84897.1
84889.7
84889.7
84889.7
84889.7
84887.8
84886.65
84886.65
84886.65
84886.65
84864.65
84864.65
84864.65
84864.65
84864.65
84864.65
84864.65
84864.65
84837.95
84837.95
84837.95
84837.45
84837.45
84837.45
84837.45
84810.0
84810.0
84810.0
84810.0
84810.0
84810.0
84810.0
84791.35
84791.35
84791.35
84791.35
84791.35
84677.1
84664.45
84664.45
84664.45
84664.45
84664.45
84664.45
84664.45
84664.45
84664.45
84664.45
84664.45
84649.25
84640.3
84640.3
84640.3
84640.3
84639.6
84639.6
84639.6
84634.05
84634.05
84624.7
84624.7
84624.7
84624.7
84624.7
84624.7
84599.95
84571.95
84544.4
84525.75
84516.6
84516.6
84512.65
84481.3
84427.4
84427.4
84427.4
84427.4
84427.4
84427.4
84427.4
84421.75
84406.05
84406.05
84406.05
84406.05
84406.05
84384.95
84384.95
84384.95
84384.95
84384.95
84384.95
84384.95
84361.0
84335.75
84313.55
84313.55
84313.55
84313.55
84313.55
84313.55
84313.55
84307.55
84307.55
84307.55
84307.55
84307.55
84304.0
84273.35
84273.35
84273.35
84273.35
84273.35
84273.35
84246.05
84246.05
84246.05
84246.05
84239.7
84234.3
84234.3
84234.3
84234.3
84183.9
84175.25
84155.15
84155.15
84155.15
84152.55
84152.55
84151.7
84151.7
84133.2
84133.2
84133.2
84132.15
84131.6
84131.6
84131.6
84131.6
84131.6
84131.6
84130.55
84119.95
84110.0
84110.0
84110.0
84110.0
84110.0
84110.0
84106.7
84106.7
84106.7
84106.7
84085.35
84085.35
84085.35
84070.7
84011.05
84011.05
84011.05
84011.05
84011.05
84011.05
83997.25
83986.15
83986.15
83986.15
83986.15
83986.15
83986.15
83986.15
83984.25
83982.45
83982.45
83982.45
83979.55
83970.8
83961.0
83961.0
83943.5
83943.3
83943.3
83943.3
83943.3
83943.3
83918.95
83918.95
83918.95
83918.95
83911.6
83911.6
83899.3
83899.3
83899.3
83894.9
83894.9
83894.9
83890.3
83882.95
83882.95
83870.1
83870.1
83869.1
83869.1
83868.35
83868.35
83833.0
83818.85
83818.85
83818.85
83818.75
83818.75
83818.75
83805.45
83805.45
83805.45
83805.45
83804.4
83804.4
83804.4
83804.1
83804.1
83804.1
83804.1
83804.1
83777.55
83768.5
83768.5
83768.5
83768.5
83758.35
83752.9
83752.55
83752.55
83752.55
83752.55
83752.55
83752.55
83752.55
83752.55
83752.55
83752.55
83752.55
83752.55
83751.55
83751.55
83751.55
83751.55
83751.55
83751.55
83751.55
83751.55
83739.95
83739.95
83722.65
83722.65
83722.65
83669.75
83647.95
83642.7
83620.85
83601.8
83601.8
83601.8
83601.8
83601.8
83599.15
83593.6
83590.35
83590.35
83590.35
83572.1
83572.1
83572.1
83572.1
83566.6
83566.6
83566.6
83566.6
83566.6
83566.6
83566.15
83566.15
83566.15
83566.15
83566.15
83566.15
83566.15
83566.15
83566.15
83566.15
83552.9
83552.9
83527.95
83527.95
83523.45
83520.65
83512.7
83512.7
83512.7
83512.7
83512.7
83507.7
83507.7
83507.7
83507.7
83507.7
83502.6
83502.6
83502.6
83496.95
83496.95
83496.95
83494.85
83494.85
83494.85
83494.85
83494.85
83494.85
83494.85
83494.85
83494.85
83494.85
83494.85
83494.85
83493.8
83492.7
83448.45
83448.45
83448.45
83448.45
83448.45
83448.45
83448.45
83448.45
83448.45
83448.45
83448.45
83448.45
83448.45
83448.45
83448.45
83448.45
83448.45
83448.45
83448.45
83433.95
83433.95
83408.85
83408.85
83408.85
83404.65
83404.65
83404.65
83404.65
83401.5
83390.1
83390.1
83390.1
83390.1
83390.1
83376.85
83376.85
83376.85
83376.85
83372.85
83349.45
83349.45
83349.45
83349.45
83349.45
83324.0
83321.1
83321.1
83309.7
83309.7
83305.35
83305.35
83305.35
83269.7
83269.7
83269.7
83269.7
83269.7
83265.45
83265.45
83265.45
83264.45
83233.95
83233.95
83233.95
83233.95
83233.95
83226.35
83226.35
83226.35
83222.6
83217.45
83217.45
83217.45
83217.05
83217.05
83217.05
83217.05
83217.05
83217.05
83217.05
83217.05
83214.25
83214.25
83207.45
83207.4
83207.4
83207.4
83207.4
83207.4
83207.4
83180.1
83180.1
83180.1
83180.1
83180.1
83180.1
83163.85
83159.9
83159.9
83159.9
83159.9
83159.9
83158.0
83152.3
83152.3
83152.3
83152.3
83152.3
83152.3
83152.3
83152.3
83152.3
83144.75
83137.55
83137.55
83122.6
83122.6
83122.6
83122.6
83122.6
83122.6
83122.6
83122.6
83122.6
83122.6
83122.6
83122.6
83122.6
83122.6
83122.6
83122.6
83109.25
83109.25
83107.3
83107.3
83107.3
83107.3
83104.6
83090.85
83090.85
83090.85
83090.85
83090.85
83090.85
83090.85
83090.85
83090.85
83090.85
83090.85
83090.85
83090.85
83090.85
83090.85
83090.85
83076.65
83076.65
83074.85
83074.85
83074.85
83074.85
83074.85
83074.85
83074.85
83074.35
83074.35
83074.05
83074.05
83074.05
83074.05
83074.05
83074.05
83074.05
83074.05
83074.05
83074.05
83074.05
83074.05
83074.05
83071.5
83060.05
83060.05
83060.05
83060.05
83033.85
83033.85
83022.75
83022.75
83005.7
83005.7
83005.7
83005.7
83005.7
83005.7
83005.7
83005.7
83005.7
83005.7
83005.7
83005.7
83005.7
83005.7
83005.7
83005.7
83005.7
83005.7
83005.7
83005.7
83005.7
83005.7
83005.7
83005.7
83005.7
83005.7
83005.7
83005.7
83005.7
83005.7
83005.7
83005.7
83005.7
83005.7
83005.7
83005.7
83004.0
83004.0
82999.15
82993.2
82993.2
82993.2
82993.2
82993.2
82993.2
82993.2
82989.05
82989.05
82965.95
82965.95
82965.95
82965.95
82965.95
82965.95
82965.95
82965.95
82965.95
82965.95
82965.95
82965.95
82958.55
82940.25
82940.25
82940.25
82940.25
82940.25
82940.25
82940.25
82940.25
82940.25
82940.25
82940.25
82940.25
82940.25
82940.25
82940.25
82940.25
82940.25
82940.25
82940.25
82936.6
82936.6
82925.6
82925.6
82925.6
82925.6
82925.6
82925.6
82925.6
82925.6
82922.45
82922.45
82922.45
82922.45
82922.45
82922.45
82922.45
82922.45
82922.45
82921.35
82921.35
82921.35
82917.35
82917.35
82917.35
82908.35
82908.35
82908.35
82908.35
82908.35
82908.35
82905.4
82905.4
82905.4
82903.65
82903.65
82903.65
82903.65
82903.65
82903.65
82903.65
82892.65
82892.65
82892.65
82892.65
82885.55
82885.55
82885.55
82885.55
82885.55
82885.55
82885.55
82885.55
82885.55
82885.55
82885.55
82885.55
82872.35
82857.55
82857.55
82857.55
82857.55
82857.55
82857.55
82857.55
82851.25
82851.25
82851.25
82851.25
82851.25
82851.25
82851.25
82851.25
82851.25
82851.25
82851.25
82851.25
82851.25
82851.25
82851.25
82851.25
82851.25
82851.25
82851.25
82849.35
82849.35
82848.45
82848.45
82848.45
82848.45
82848.45
82848.0
82848.0
82848.0
82848.0
82848.0
82848.0
82837.15
82837.15
82837.15
82837.15
82837.15
82837.15
82837.15
82837.15
82837.15
82837.15
82837.15
82837.15
82837.15
82837.15
82837.15
82837.15
82837.15
82837.15
82837.15
82837.15
82837.15
82837.15
82837.15
82837.15
82837.15
82837.15
82837.15
82837.15
82837.15
82831.45
82831.45
82831.45
82831.45
82831.45
82831.45
82831.45
82831.45
82831.45
82831.45
82831.45
82831.45
82831.45
82831.45
82831.45
82831.45
82831.45
82831.45
82831.45
82831.45
82831.45
82831.45
82831.45
82831.45
82831.45
82831.45
82831.45
82831.45
82830.4
82830.4
82830.4
82830.4
82830.4
82830.4
82830.4
82830.4
82830.4
82798.8
82798.8
82787.8
82787.8
82786.45
82786.45
82786.45
82786.45
82786.45
82786.45
82786.45
82786.45
82786.45
82778.5
82778.5
82778.5
82778.5
82778.5
82778.5
82778.5
82778.5
82778.5
82778.5
82778.5
82778.5
82778.5
82778.5
82778.5
82778.5
82777.6
82777.6
82777.6
82777.6
82774.7
82774.7
82774.7
82774.7
82774.7
82767.4
82767.4
82755.9
82755.9
82755.9
82755.9
82755.9
82755.9
82755.9
82755.9
82755.9
82755.9
82755.9
82752.05
82752.05
82752.05
82752.05
82752.05
82752.05
82752.05
82752.05
82752.05
82752.05
82752.05
82752.05
82752.05
82752.05
82752.05
82752.05
82752.05
82752.05
82752.05
82752.05
82752.05
82752.05
82688.1
82688.1
82688.1
82684.6
82677.9
82677.9
82677.9
82677.9
82677.9
82677.9
82677.9
82677.9
82677.9
82677.9
82677.9
82677.9
82677.9
82677.9
82677.9
82677.9
82677.9
82663.75
82663.75
82663.75
82663.75
82642.65
82642.65
82642.65
82642.65
82642.65
82642.65
82642.65
82642.65
82642.65
82635.1
82635.1
82635.1
82635.1
82625.15
82625.15
82625.15
82625.15
82625.15
82625.15
82625.15
82625.15
82625.15
82625.15
82625.15
82625.15
82625.15
82625.15
82625.15
82625.15
82625.15
82625.15
82625.15
82625.15
82625.15
82625.15
82625.15
82625.15
82625.15
82625.15
82625.15
82625.15
82625.15
82625.15
82625.15
82625.15
82625.15
82625.15
82625.15
82623.3
82623.3
82623.3
82623.3
82623.3
82623.3
82623.3
82623.3
82623.3
82623.3
82623.3
82618.0
82616.3
82613.95
82613.95
82613.95
82613.95
82613.95
82613.95
82613.95
82613.95
82613.95
82613.95
82613.95
82613.95
82613.95
82613.95
82613.95
82613.95
82613.95
82613.95
82613.95
82613.95
82613.95
82613.95
82613.95
82613.95
82613.95
82613.95
82613.95
82613.95
82613.95
82613.95
82613.95
82612.7
82612.7
82612.7
82612.7
82612.7
82612.4
82612.4
82612.4
82612.4
82612.4
82612.4
82612.4
82611.6
82611.6
82609.95
82609.95
82609.95
82609.95
82609.95
82609.95
82609.95
82609.95
82609.95
82609.95
82609.95
82609.95
82609.95
82609.95
82609.95
82609.95
82609.95
82609.95
82608.8
82608.0
82608.0
82608.0
82608.0
82608.0
82608.0
82608.0
82608.0
82608.0
82608.0
82608.0
82608.0
82608.0
82608.0
82608.0
82607.75
82607.75
82607.75
82607.75
82607.75
82607.75
82607.75
82607.75
82607.75
82607.75
82607.4
82607.4
82607.4
82607.4
82607.4
82607.4
82607.4
82607.4
82607.4
82607.4
82607.4
82607.4
82607.4
82607.4
82607.4
82607.4
82607.4
82607.4
82607.4
82607.4
82607.4
82607.4
82607.4
82606.95
82606.95
82606.95
82606.95
82606.95
82602.0
82600.9
82600.9
82600.9
82600.9
82600.9
82600.9
82600.9
82600.9
82600.9
82600.9
82600.9
82600.9
82600.9
82600.9
82600.9
82580.5
82580.5
82580.5
82580.5
82580.5
82580.5
82580.5
82580.5
82580.5
82580.5
82580.5
82580.5
82580.5
82580.5
82580.5
82580.5
82580.5
82580.5
82580.5
82580.5
82580.5
82580.5
82571.3
82571.3
82571.3
82571.3
82571.3
82571.3
82571.3
82571.3
82571.3
82571.3
82571.3
82571.3
82571.3
82571.3
82570.65
82570.65
82570.65
82570.65
82570.65
82570.65
82570.65
82570.65
82570.65
82570.65
82570.65
82570.65
82570.65
82570.65
82567.95
82567.95
82567.95
82567.95
82567.95
82567.95
82567.95
82567.95
82567.1
82567.1
82567.1
82567.1
82567.1
82567.1
82567.1
82567.1
82567.1
82567.1
82549.5
82549.5
82549.5
82549.5
82549.5
82549.5
82545.3
82545.3
82545.3
82545.3
82545.3
82525.8
82525.8
82522.4
82522.4
82522.4
82522.4
82522.4
82522.4
82522.4
82522.4
82522.4
82522.4
82522.4
82522.4
82522.4
82522.4
82522.4
82522.4
82522.4
82522.4
82522.4
82522.4
82522.4
82522.4
82522.4
82522.4
82522.4
82522.4
82522.4
82522.4
82522.4
82522.4
82522.4
82522.4
82522.4
82522.4
82522.4
82522.4
82522.4
82519.25
82508.85
82508.85
82508.85
82508.85
82508.85
82508.85
82508.85
82508.85
82508.85
82508.85
82506.15
82506.15
82506.15
82506.15
82506.15
82500.65
82500.65
82500.65
82500.65
82500.65
82500.65
82500.65
82500.65
82500.65
82500.65
82500.65
82500.65
82500.65
82500.65
82500.65
82500.65
82500.65
82500.65
82500.65
82500.65
82500.65
82497.8
82497.8
82497.8
82497.8
82497.8
82492.85
82492.85
82492.85
82492.85
82492.85
82492.85
82492.85
82492.85
82492.85
82473.85
82473.85
82473.85
82473.85
82473.85
82473.85
82473.85
82473.85
82473.85
82473.85
82473.85
82473.85
82473.85
82473.85
82473.85
82473.85
82473.85
82473.85
82467.75
82467.75
82467.75
82467.75
82467.75
82467.75
82467.75
82467.75
82467.75
82467.75
82467.75
82467.75
82467.75
82467.75
82467.75
82467.75
82467.75
82467.75
82467.75
82467.75
82467.75
82467.75
82467.75
82467.75
82467.75
82467.75
82467.75
82467.75
82467.75
82467.75
82467.75
82467.75
82467.75
82467.75
82467.75
82467.75
82467.75
82467.75
82467.75
82467.75
82467.75
82467.75
82467.75
82467.75
82467.75
82467.75
82467.75
82467.75
82467.75
82467.75
82446.65
82429.2
82429.2
82429.2
82429.2
82429.2
82429.2
82429.2
82429.2
82429.2
82429.2
82429.2
82429.2
82429.2
82429.2
82429.2
82422.05
82422.05
82422.05
82422.05
82422.05
82422.05
82422.05
82422.05
82422.05
82422.05
82422.05
82422.05
82422.05
82422.05
82422.05
82422.05
82422.05
82422.05
82422.05
82422.05
82422.05
82422.05
82422.05
82422.05
82422.05
82422.05
82422.05
82422.05
82422.05
82422.05
82422.05
82422.05
82422.05
82422.0
82417.85
82417.85
82417.85
82417.85
82417.85
82417.85
82417.85
82417.85
82417.85
82417.85
82417.85
82417.85
82417.85
82417.85
82417.85
82414.5
82414.5
82414.5
82414.5
82414.5
82414.5
82414.5
82414.2
82414.2
82414.2
82414.2
82414.2
82414.2
82414.2
82414.2
82414.2
82414.2
82414.2
82414.2
82414.2
82414.2
82414.2
82414.2
82394.2
82394.2
82394.2
82394.2
82394.2
82394.2
82394.2
82394.2
82394.2
82394.2
82394.2
82394.2
82394.2
82391.85
82391.85
82391.85
82391.85
82391.85
82391.85
82391.85
82391.85
82391.85
82391.85
82391.85
82391.85
82387.25
82387.25
82387.25
82387.25
82387.25
82387.25
82387.25
82387.25
82387.25
82387.25
82387.25
82387.25
82387.25
82387.25
82387.25
82387.25
82387.25
82387.25
82387.25
82367.0
82367.0
82367.0
82367.0
82367.0
82367.0
82367.0
82367.0
82367.0
82367.0
82367.0
82367.0
82367.0
82367.0
82367.0
82367.0
82367.0
82367.0
82367.0
82367.0
82367.0
82367.0
82367.0
82367.0
82367.0
82367.0
82364.45
82364.45
82364.45
82364.45
82329.7
82329.7
82329.7
82329.7
82329.7
82329.7
82329.7
82329.7
82329.7
82329.7
82329.7
82329.7
82329.7
82329.7
82329.7
82329.7
82329.7
82329.7
82329.7
82329.7
82329.7
82329.7
82329.7
82326.0
82326.0
82326.0
82326.0
82289.2
82289.2
82289.2
82289.2
82289.2
82289.2
82289.2
82289.2
82289.2
82289.2
82289.2
82289.2
82289.2
82289.2
82289.2
82289.2
82289.2
82289.2
82289.2
82289.2
82289.2
82289.2
82289.2
82289.2
82289.2
82289.2
82283.3
82283.3
82283.3
82283.3
82283.3
82283.3
82283.3
82283.3
82283.3
82283.3
82283.3
82283.3
82283.3
82283.3
82283.3
82280.55
82280.55
82280.55
82280.55
82280.55
82280.55
82280.55
82280.55
82280.55
82280.55
82280.55
82280.55
82280.55
82280.55
82280.55
82280.55
82280.55
82280.55
82280.55
82280.55
82280.55
82280.55
82280.55
82280.55
82280.55
82280.55
82280.55
82280.55
82280.55
82280.55
82280.55
82280.55
82280.55
82280.55
82280.55
82280.55
82280.55
82280.55
82280.55
82280.55
82280.55
82280.55
82280.55
82280.55
82280.55
82280.55
82280.55
82280.55
82280.55
82280.55
82280.55
82280.55
82280.55
82280.55
82280.55
82280.55
82280.55
82280.55
82280.55
82280.55
82280.55
82280.55
82280.55
82280.55
82280.55
82280.55
82280.55
82280.55
82280.55
82280.55
82280.55
82280.55
82280.55
82280.55
82280.55
82280.55
82280.55
82280.55
82280.55
82280.55
82280.55
82280.55
82280.55
82280.55
82280.55
82280.55
82280.55
82280.55
82280.55
82280.55
82280.55
82280.55
82280.55
82280.55
82280.55
82280.55
82280.55
82280.55
82280.55
82280.55
82280.55
82280.55
82280.55
82280.55
82280.55
82280.55
82280.55
82280.55
82280.55
82280.55
82280.55
82280.55
82280.55
82280.55
82280.55
82280.55
82280.55
82280.55
82280.55
82280.55
82280.55
82280.55
82280.55
82280.55
82280.55
82280.55
82280.55
82280.55
82280.55
82280.55
82280.55
82280.55
82280.55
82280.55
82276.15
82276.15
82276.15
82276.15
82276.15
82276.15
82276.15
82276.15
82276.15
82276.15
82276.15
82275.55
82275.55
82275.55
82275.55
82275.55
82275.55
82275.55
82275.55
82275.55
82275.55
82275.55
82275.55
82275.55
82275.55
82275.55
82275.55
82275.55
82275.55
82275.55
82275.55
82275.55
82275.55
82275.55
82275.55
82275.55
82275.55
82275.55
82275.55
82275.55
82275.55
82275.55
82275.55
82275.55
82275.55
82275.55
82275.55
82275.55
82275.55
82275.55
82275.55
82275.55
82275.55
82275.55
