0.30810527045632385
0.19526047786917355
0.20816849360100664
0.19885079882097922
0.2029552715654952
0.17931034482758623
0.2040451230628988
0.1841223121576322
0.1977005949509567
0.20340065458609402
0.15619148859065268
0.19874971323698098
0.2123204257910286
0.18813342631334262
0.18139736558383723
0.1998510882016037
0.21861157098751627
0.18857667243602405
0.2223261302784365
0.2042718004214843
0.26085392307285327
0.2257052596574849
0.18631767775603392
0.22378655880522713
0.23252798927672857
0.1419182861214161
0.23831072534566233
0.08575355016032982
0.17785179605479973
0.17024410524440226
0.20153399478761835
0.17338619016626233
0.24576197983026327
0.2226117343304843
0.24858544351455436
0.24192305605296005
0.20860807105793855
0.20468854960093819
0.17955132722574585
0.21107497007070086
0.2444485306047397
0.2401335828039335
0.19991524161865604
0.12593065305254203
0.2628663085803531
0.24583526769808794
0.18048500064525974
0.20344607384769764
0.22039062499999995
0.10833546081184575
0.17593138758464477
0.1516825959705136
0.2063511901380447
0.1647774828419064
0.15139403510903238
0.2604156740674861
0.15734172939586955
0.25600443076398727
0.17815165597976357
0.16056192467613628
0.2671275993033553
0.20543036865992514
0.12538344998560103
0.19991524161865604
0.19712886763826953
0.22361401324856622
0.25976516965856344
0.22892749911691979
0.17056923698021798
0.1754158157543706
0.21686828032332928
0.22396764911734968
0.22146805759885868
0.17780341105709818
0.22029490227594906
0.26264065699748773
0.15580397607106167
0.21527590545519903
0.1923948481975628
0.19872214001399446
0.19201184458607568
0.19435089499907732
0.22438986475983214
0.17506524794218026
0.2836912159806395
0.14510029494914878
0.14199206514930052
0.26814114787419063
0.16054174878623273
0.21024545218148316
0.276389665817225
0.24863393855950433
0.3512004829796127
0.17809363564696612
0.21497606257445323
0.20995962314939431
0.18788801822959056
0.24906203975446406
0.19470383435936456
0.22327732867801586
0.16704824592783385
0.20625198854597515
0.20712591230519517
0.19683346364347143
0.16416785325404137
0.22922528606265236
0.22094709136331192
0.1686640880690271
0.22409694761629717
0.18275732971429903
0.21945850513447984
0.16557565042884104
0.22217891900318465
0.18739675670645173
0.20903820458817401
0.1940162459039092
0.22825450487775234
0.24029060219474263
0.24993288878866948
0.19999770946905493
0.22663965280545595
0.2275717934824677
0.18111906966929647
0.1918716305328675
0.1933554280171369
0.23867599616357138
0.22661396574440051
0.2476061222951067
0.27144630210995113
0.16065270418033473
0.2622824433930382
0.16796102627629417
0.2254906308903426
0.17934891152386656
0.19594594594594594
0.19357892427933177
0.2639071835779846
0.160803959729931
0.19903452546123768
0.20893967362377264
0.22143334819438254
0.18109986987256887
0.17255389718076286
0.26364335937088224
0.22567951048640977
0.152382570287947
0.18560619309106596
0.1531635287984774
0.25439233183186394
0.22473419014006346
0.19246953827657165
0.20467043914880056
0.23083783873063413
0.20031825623060984
0.189282978575242
0.18650719709321284
0.21649935505580165
0.23860131018170327
0.3025092612008108
0.22537038679914834
0.2001259590060689
0.207026904302418
0.23697117327711448
0.21521419182329882
0.1832160145927364
0.21891737764309915
0.16934620781506404
0.24588411836465907
0.21288846821265184
0.1732687914975205
0.20845561989370986
0.1912353826560148
0.2237951840698721
0.17018496299552144
0.19793089986336132
0.23135412311010362
0.1620120444348473
0.21659601193279954
0.19024158397477509
0.169928582462895
0.1728184541783604
0.15875233335340522
0.14747916081867773
0.18759522231138714
0.20023585445719128
0.19727648816364052
0.19953016673351287
0.26589528553712927
0.16293588975434392
0.18423664879888824
0.20477003642987246
0.13783016539126147
0.23211458974584465
0.21365048631123917
0.20446210965082112
0.13795784381478926
0.21044183969888441
0.2627340468199185
0.2242434338386362
0.18082137161084533
0.16290579649358272
0.21843671679197996
0.18434142923867347
0.22618559670326022
0.1729751488817589
0.1258212672231469
0.17878933941524322
0.21095912074009648
0.2252157323809313
0.3007357725611892
0.27911536754765276
0.19920898773357787
0.28647163374124085
0.1552731186436579
0.23854321095317
0.1414436892368579
0.24476711499372916
0.16171034946236562
0.21981593584560055
0.18720765167205788
0.3427455777192322
0.27460122954224475
0.1655856178701547
0.23964558229653088
0.21792919680243628
0.19208660552156465
0.18771803339690218
0.1878691345393666
0.24546053555418734
0.15088858094474022
0.21576046075602606
0.12195336559612846
0.17835466265173616
0.24333546367407954
0.1742460960126725
0.1760869052393197
0.1397413793103448
0.2148701809598741
0.16816909794581725
0.17948386642077685
0.20597228695167835
0.21532879512929393
0.20406326200405644
0.18189590555607604
0.17805495087368362
0.2055749525185092
0.2240883290568385
0.22335505103288789
0.2099149436728046
0.15951149079533145
0.24837522596195227
0.18447474723889135
0.2596317925998156
0.2548059484947407
0.2572859406066921
0.20482435170639524
0.19093562510134587
0.23545121217096265
0.15130124170777348
0.22516416718431098
0.13546127379390582
0.22227417972098829
0.19703657723521162
0.25809843447968217
0.20110479545272597
0.20192626275320757
0.22834828332817814
0.21825303564433995
0.20320074828612822
0.17947422825729453
0.16713762802398924
0.2398772538820636
0.17001734749649489
0.24704652265769844
0.2680261131078999
0.17752266572471442
0.20560205613428562
0.15460860725177905
0.22386417928689684
0.1922641073080481
0.19327158497713304
0.2102097348634745
0.1420869052590209
0.16354731711990034
0.20872461174231693
0.3193373934226553
0.14408420330343574
0.30222359851360525
0.16466761536897745
0.24608759470719022
0.17481187463822045
0.16913872467974256
0.23656254781525277
0.2529650186617045
0.17018496299552144
0.24450573220852256
0.2744957520616522
0.24975565746936323
0.22672526402019177
0.16547596291694544
